Document witbheld for privilege

PLAINTIFF
UA. Olslrim Court- NDCAL
4:20cv45540 YGR TSH
ups Games,Ias. s.AppleIss.
5 .No.%MOAN
Oele eelsrse ey

CONFIDENTIAL

PX-2202.1 APL-APPSTORE 09320457

Tier Tier 0 Tier 1 Tier 2 Tier 3
Tier 4 Tier 5 Tier 6 Tier 7 Tier 8 Tier 9 Tier 10 Tier 11 Tier 12 Tier 13
Tier 14 Tier 15 Tier 16 Tier 17 Tier 18 Tier 19 Tier 20 Tier 21 Tier 22 Tier 23 Tier 24
Tier 25 Tier 26 Tier 27 Tier 28 Tier 29 Tier 30 Tier 31 Tier 32
Tier 33 Tier 34
Tier 35 Tier 36 Tier 37 Tier 38 Tier 39 Tier 40 Tier 41 Tier 42
Tier 43 Tier 44
Tier 45 Tier 46 Tier 47 Tier 48 Tier 49 Tier 50 Tier 51 Tier 52 Tier 53
Tier 54 Tier 55 Tier 56 Tier 57 Tier 58 Tier 59 Tier 60 Tier 61 Tier 62 Tier 63
Tier 64 Tier 65 Tier 66 Tier 67 Tier 68 Tier 69 Tier 70 Tier 71 Tier 72 Tier 73
Tier 74 Tier 75 Tier 76 Tier 77 Tier 78 Tier 79 Tier 80 Tier 81 Tier 82 Tier 83 Tier 84
Tier 85

USS

CAS

Euro

GBP

3PY

AUS

C ustomer Price
0. 00 0.99 1.99 2.99
3.99 4.99 5.99 6.99 7.99 8.99 9.99 10.99 11.99 12.99
13.99 14.99 15.99 16.99 17.99 18.99 19.99 20.99 21.99 22.99
23.99 24.99 25.99 26.99 27.99 28.99 29.99 30.99 31.99
32.99 33.99 34.99 35.99 36.99 37.99 38.99 39.99 40.99 41.99
42.99 43.99 44.99 45.99 46.99 47.99 48.99 49.99 54.99
59.99 64.99
69.99 74.99 79.99 84.99 89.99 94.99 99.99 109.99 119.99 129.99
139.99 149.99 159.99 169.99 179.99 189.99 199.99 209.99 219.99 229.99
239.99 249.99 299.99 349.99 399.99 449.99 499.99 599.99 699.99
799.99 899.99 999.99

Procssdsr Nst o f C ustomer
Com m ission Price

0. 00 O. 7O

0.00 0.99

1.40

1.99

2. 10

2.99

2.80

3.99

3. 50

4.99

4. 20 4.90

5.99 6.99

5. 60

7.99

6. 30

8.99

7. OO 7.70

9.99 10.99

8.40

11.99

9. 10

12.99

9.80 10.50

13.99 14.99

11.20

15.99

11.90

16.99

12.60

17.99

13.30

18.99

14.00

19.99

14.70 15.40

20.99 21.99

16. 10

22.99

16.80

23.99

17.50 18.20

24.99 25.99

18.90

26.99

19.60

27.99

20.30

28.99

21.00

29.99

21.70

30.99

22.40

31.99

23.10 23.80

32.99 33.99

24. 50

34.99

25.20

35.99

25.90 26.60 27.30 28.00

36.99 37.99 38.99 39.99

28.70

40.99

29.40

41.99

30. 10 30.80

42.99 43.99

31.50

44.99

32.20

45.99

32.90

46.99

33.60 34.30

47.99 48.99

35.00

49.99

38.50

54.99

42.00 45.50

59.99 64.99

49.00

69.99

52.50

74.99

56.00

79.99

59.50

84.99

63.00

89.99

66.50 7O.OO

94.99 99.99

77.OO

109.99

84.00 91.00

119.99 129.99

98.00

139.99

105.00

149.99

112.00

159.99

119.00

169.99

126.00

179.99

133.00

189.99

140.00 147.00

199.99 209.99

154.00

219.99

161.00

229.99

168.00 175.00

239.99 249.99

210.00

299.99

245.00 280.00

349.99 399.99

315.00

449.99

350.00

499.99

420.00

599.99

490.00

699.99

560.00

799.99

630.00

899.99

700.00

999.99

Procsedsr

Proceeds,

Proceeds,

Procssdsr

Procssdsr

Nst o f C ustomer Nst o f C ustomer Nst o f C ustomer Nst o f C ustomer Nst o f

Com m ission Price C o m mission Price C o m mission Price C o m mission Price C o m mission

0.00

0. 00

0. 00

0.00

0.00

0

0

0.00

0.00

0.70

O.79

0.48

0. 59

0.36

115

81

1. 19

0.76

1.40

1. 59

0.97

1. 19

0.72

230

161

2.49

1. 58

2. 10

2. 39

1.45

1.79

1.09

350

245

3.99

2. 54

2.80

2.99

1.82

2.39

1.45

450

315

4.99

3.18

3.50

3.99

2.43

2.99

1.82

600

420

5.99

3.81

4.20

4.99

3. 04

3.49

2. 12

7OO

490

7.99

5.08

4.90

5.49

3. 34

3.99

2.43

800

560

8.99

5.72

5.60

5.99

3.65

4.99

3.04

900

630

9.99

6.36

6.30

6.99

4.25

5.49

3.34

1000

700

11.99

7.63

7.00

7.99

4.86

5.99

3.65

1200

840

12.99

8.27

7.70

8.99

5.47

6.49

3.95

1300

910

13.99

8.90

8.40

9.99

6. 08

6.99

4.25

1400

980

14.99

9. 54

9. 10

10.49

6. 39

7.49

4.56

1500

1050

15.99

10. 18

9.80

10.99

6. 69

7.99

4.86

1600

1120

16.99

10.81

10.50

11.99

7. 30

8.99

S.47

1700

1190

17.99

11.45

11.20

12.99

7.91

9.49

5.78

1800

1260

18.99

12.08

11.90

13.99

8. 52

9.99

6.08

2000

1400

19.99

12.72

12.60

14.49

8.82

10.99

6.69

2100

1470

21.99

13.99

13.30

14.99

9. 12

11.49

6.99

2200

1540

22.99

14.63

14.00

15.99

9. 73

11.99

7.30

2300

1610

23.99

15.27

14.70

16.99

10.34

12.49

7.60

2400

1680

24.99

15.90

15.40

17.99

10.95

12.99

7.91

2500

1750

26.99

17. 18

16. 10 16.80

18.49 18.99

11.25 11.56

13.99 14.49

8.52 8.82

2600 2800

1820 1960

27.99 28.99

17.81 18.45

17.50

19.99

12.17

14.99

9. 12

2900

2030

29.99

19.08

18.20

20.99

12.78

15.49

9.43

3000

2100

31.99

20.36

18.90

21.49

13.08

15.99

9.73

3100

2170

32.99

20.99

19.60

21.99

13.39

16.99

10.34

3200

2240

33.99

21.63

20.30

22.99

13.99

17.49

10.65

3300

2310

34.99

21.00

23.99

14.60

17.99

10.95

3500

2450

36.99

23.54

21.70 22.40

24.99 25.49

15.21 15.52

18.49 18.99

11.25 11.56

3600 3700

2520 2590

37.99 38.99

24. 18 24.81

23.10 23.80

25.99 26.99

15.82 16.43

19.99 20.49

12. 17 12.47

3800 3900

2660 2730

39.99 41.99

25.45 26.72

24. 50

27.99

17.04

20.99

12.78

4000

2800

42.99

27.36

25.20

28.99

17.65

21.49

13.08

4100

2870

43.99

27.99

25.90

29.49

17.95

21.99

13.39

4300

3010

44.99

28.63

26.60

29.99

18.25

22.99

13.99

4400

3080

45.99

29.27

27.30

30.99

18.86

23.49

14.30

4500

3150

46.99

29.90

28.00

31.99

19.47

23.99

14.60

4600

3220

47.99

30. 54

28.70

32.99

20.08

24.49

14.91

47OO

3290

48.99

31. 18

29.40

33.49

20.39

24.99

15.21

4800

3360

49.99

31.81

30. 10 30.80

33.99 34.99

20.69 21.30

25.99 26.49

15.82 16. 12

4900 5000

3430 3500

51.99 52.99

33.08 33.72

31.50

35.99

21.91

26.99

16.43

5200

3640

53.99

34.36

32.20

36.99

22.52

27.49

16.73

5300

3710

54.99

34.99

32.90

37.49

22.82

27.99

17.04

5400

3780

56.99

36.27

33.60

37.99

23.12

28.99

17.65

5500

3850

57.99

36.90

34.30

38.99

23.73

29.49

17.95

5600

3920

58.99

37. 54

35.00

39.99

24.34

29.99

18.25

5800

4060

59.99

38. 18

38.50

42.99

26.17

32.99

20.08

6000

4200

69.99

44. 54

42.00 45.50

44.99 49.99

27.39 30.43

34.99 37.99

21.30 23.12

7000 7500

4900 5250

74.99 79.99

47.72 50.90

49.00

54.99

33.47

39.99

24.34

8000

5600

89.99

S7.27

52.50

59.99

36.52

42.99

26. 17

8500

5950

94.99

60.45

56.00

62.99

38.34

44.99

27.39

9000

6300

99.99

63.63

59.50

64.99

39.56

49.99

30.43

10000

7000

104.99

66.81

63.00

69.99

42.60

52.99

32.25

10500

7350

109.99

69.99

66.50

74.99

45.65

54.99

33.47

11000

77OO

114.99

73. 18

7O.OO

79.99

48.69

59.99

36.52

11500

8050

119.99

76.36

77.OO

84.99

51.73

64.99

39.56

13000

9100

139.99

89.08

84.00 91.00

89.99 94.99

S4.78 S7.82

69.99 74.99

42.60 45.65

14000 15000

9800 10500

149.99 159.99

95.45 101.81

98.00

99.99

60.86

79.99

48.69

16000

11200

169.99

108.18

105.00

109.99

66.95

84.99

51.73

18000

12600

189.99

120.90

112.00

119.99

73.04

89.99

54.78

19000

13300

199.99

127. 27

119.00

124.99

76.08

94.99

57.82

20000

14000

219.99

139.99

126.00

129.99

79.12

99.99

60.86

21000

14700

229.99

146. 36

133.00

139.99

85.21

109.99

66.95

22000

15400

239.99

152.72

140.00

149.99

91.30

114.99

69.99

23000

16100

249.99

159.08

147.00

159.99

97.39

119.99

73.04

24000

16800

259.99

165.45

154.00

169.99

103.47

124.99

76.O8

25000

17500

269.99

171.81

161.00

179.99

109. 56

129.99

79. 12

26000

18200

279.99

178. 18

168.00

189.99

115.65

139.99

85.21

27OOO

18900

289.99

184.54

175.00

199.99

121.73

149.99

91.30

29000

20300

299.99

190.90

210.00

239.99

146.08

179.99

109.56

35000

24500

349.99

245.00

279.99

170.43

199.99

121. 73

40000

28000

399.99

254. 54

280.00

319.99

194.78

239.99

146. 08

45000

31500

449.99

286. 36

315.00

359.99

219. 12

279.99

170.43

50000

35000

499.99

318.18

350.00

399.99

243.47

299.99

182. 60

58000

40600

599.99

381.81

420.00

479.99

292. 17

349.99

213. 04

70000

49000

699.99

445.45

490.00

559.99

340.86

399.99

243.47

80000

56000

799.99

509.08

560.00 630.00

639.99 719.99

389. 56 438.25

449.99 499.99

273.91 304. 34

90000 100000

63000 7OOOO

899.99 999.99

572. 72 636. 36

700.00

799.99

486.95

599.99

365. 21

115000

80500

1199.99

763. 63

HIGHLY CONFIDENTIAL -ATTORNEYS' EYES ONLY

PX-2202.2 APL-APPSTORE 09320458

Document withheld for privilege

CONFIDENTIAL

PX-2202.3 APL-APPSTORE 09320459

Document withheld for privilege

CONFIDENTIAL

PX-2202.4 APL-APPSTORE 09320460

