United States District Court

«I

NorthernDistrictofCalifornia

Case No. 4:20-cv-05640- YGR Case Title Fpic Games, Inc.v. Apple, Inc.

Exhibit No. DX-5467 SLIP

Date Entered
By:

Susan Y. Soong, Clerk Deputy Clerk

DX-5467 has been produced innative format

DX-5467 SLIP.001

Document Title APL-APPSTORE 08919459 APL-APPSTORE 09635456 APL-APPSTORE 08922187 APL-APPSTORE 08915503 APL-APPSTORE 08922623 APL-APPSTORE 08919720 APL-APPSTORE 08919939 APL-APPSTORE 08918647 APL-APPSTORE 08916879 APL-APPSTORE 08853852 APL-APPSTORE 08913353 APL-APPSTORE 06521421 APL-APPSTORE 08915236 APL-APPSTORE 08803617 APL-APPSTORE 08920661 APL-APPSTORE 08920761 APL-APPSTORE 08915003 APL-APPSTORE 08919296 APL-APPSTORE 09078183 APL-APPSTORE 08920333 APL-APPSTORE 08913814 APL-APPSTORE 09066121 APL-APPSTORE 09070607 APL-APPSTORE 00400462 APL-APPSTORE 08919806 APL-APPSTORE 06708809 APL-APPSTORE 07060864 APL-APPSTORE 06597111 APL-APPSTORE 08913629 APL-APPSTORE 08918671 APL-APPSTORE 08923100 APL-APPSTORE 07056455 APL-APPSTORE 08920844 APL-APPSTORE 08919623 APL-APPSTORE 08914633 APL-APPSTORE 08918600 APL-APPSTORE 08917547 APL-APPSTORE 10135583 APL-APPSTORE 08921275 APL-APPSTORE 08914160 APL-APPSTORE 08915947 APL-APPSTORE 08921414 APL-APPSTORE 09076923 APL-APPSTORE 03098801

Week 2017.01.07 2017.01.14 2017.01.21 2017.01.28 2017.02.04 2017.02.11 2017.02.18 2017.02.25 2017.03.04 2017.03.11 2017.03.18 2017.03.25 2017.04.01 2017.04.08 2017.04.15 2017.04.22 2017.04.29 2017.05.06 2017.05.13 2017.05.20 2017.05.27 2017.06.03 2017.06.10 2017.06.17 2017.06.24 2017.07.01 2017.07.08 2017.07.15 2017.07.22 2017.07.29 2017.08.05 2017.08.12 2017.08.19 2017.08.26 2017.09.02 2017.09.09 2017.09.16 2017.09.23 2017.09.30 2017.10.07 2017.10.14 2017.10.21 2017.10.28 2017.11.04

iOS App

iphone

iphone

ipad RHECTED ipad REJECTED iphone

iphone

ipad

ipad

iOS Top 10

Reviewed

REJECTED New RHECTED

New

Update

APPROVED APPROVED APPROVED APPROVED Rejected-

128,375

7,450

6,437

12,088

6,162

8,855

36,626

17,277

33,480

68%

123,091

8,379

6,954

11,930

6,179

7,951

33,530

14,732

33,436

68%

117,267

7,386

6,201

11,047

6,113

6,704

30,698

15,362

33,756

67%

113,767

6,460

5,930

11,004

6,291

5,890

31,386

15,153

31,653

65%

87,756

4,176

3,496

8,787

5,335

4,685

21,006

12,430

27,841

64%

106,081

7,668

6,022

10,820

6,364

6,247

26,209

12,971

29,780

66%

105,432

8,186

6,372

9,955

7,646

5,271

28,789

10,839

28,374

67%

103,130

8,470

8,369

11,814

7,593

4,774

27,114

9,412

25,584

72%

113,299

9,285

9,655

13,387

9,255

5,329

28,768

10,011

27,609

71%

120,260

9,873

10,066

14,053

9,433

5,741

31,787

11,135

28,172

69%

118,769

9,870

9,889

13,403

8,459

6,038

31,327

11,692

28,091

52%

121,697

10,104

9,148

12,307

8,426

6,497

32,526

12,756

29,933

65%

112,972

10,011

8,596

12,662

8,097

5,575

28,551

11,028

28,452

65%

116,671

9,537

8,346

12,109

8,278

5,842

31,422

11,156

30,071

68%

118,936

10,376

8,476

13,149

8,017

5,938

32,267

10,420

30,293

69%

107,823

9,799

8,009

11,977

7,393

5,582

25,520

10,480

29,063

69%

127,894

11,277

8,948

13,084

8,306

6,458

37,250

10,979

31,592

69%

107,257

9,952

7,480

11,601

6,572

5,577

29,101

9,816

27,158

68%

115,446

11,117

8,272

12,212

7,576

6,373

30,992

9,734

29,170

67%

108,980

10,209

7,862

11,314

6,730

5,847

29,959

8,622

28,437

68%

117,673

10,876

8,871

12,441

7,758

5,918

33,513

8,798

29,498

69%

112,732

10,074

8,490

11,402

7,500

5,796

32,572

8,403

28,495

68%

106,043

10,149

8,264

11,327

7,020

5,457

29,847

7,661

26,318

68%

113,620

10,515

7,998

11,123

7,324

5,347

33,731

8,592

28,990

67%

106,738

10,169

8,759

11,091

7,610

5,522

28,343

7,628

27,616

67%

99,443

9,473

7,993

10,608

6,964

5,454

24,974

7,210

26,767

67%

96,568

9,311

8,421

10,605

7,101

4,843

24,196

6,938

25,153

66%

96,034

9,420

7,472

10,117

6,705

4,795

24,177

6,522

26,826

65%

94,152

8,844

7,311

10,421

6,566

5,012

24,192

6,941

24,865

64%

92,827

8,430

6,725

9,932

6,385

4,764

25,007

6,723

24,861

63%

98,774

8,994

7,262

9,986

6,499

4,933

29,036

6,817

25,247

63%

102,158

9,358

7,538

10,014

6,686

5,296

29,955

6,805

26,506

63%

101,866

9,428

7,297

9,913

6,642

5,247

31,752

6,467

25,120

64%

98,252

9,209

7,175

9,385

6,768

4,786

29,856

6,096

24,977

61%

99,159

9,446

7,583

9,742

7,384

4,964

26,190

6,424

27,426

64%

98,186

8,542

7,103

8,332

6,369

4,795

30,593

5,882

26,570

64%

93,806

8,579

6,641

8,132

6,313

4,635

25,329

5,845

28,332

63%

98,551

9,815

7,165

8,938

6,840

4,851

24,765

6,035

30,142

63%

111,957

10,972

7,742

10,251

7,698

5,421

28,581

6,693

34,599

64%

94,705

8,582

5,987

8,854

7,094

4,706

22,229

6,347

30,906

62%

103,366

10,501

7,030

9,860

7,273

5,174

25,580

6,329

31,619

64%

102,813

10,836

7,243

9,586

7,224

4,982

26,163

6,034

30,745

62%

102,933

9,858

7,122

9,112

6,783

4,786

27,273

6,032

31,967

63%

105,930

9,554

6,785

8,992

6,839

4,813

29,175

6,052

33,720

65%

APL-APPSTORE 08915067 APL-APPSTORE 08926231 APL-APPSTORE 08944720 APL-APPSTORE 09071239 APL-APPSTORE 08926360 APL-APPSTORE 08807564 APL-APPSTORE 08926046 APL-APPSTORE 08807605 APL-APPSTORE 07077288 APL-APPSTORE 09085705 APL-APPSTORE 08807471 APL-APPSTORE 07060107 APL-APPSTORE 08807514 APL-APPSTORE 06709355 APL-APPSTORE 09085579 APL-APPSTORE 08807439 APL-APPSTORE 09085834 APL-APPSTORE 09085524 APL-APPSTORE 09085660 APL-APPSTORE 08804903 APL-APPSTORE 07058548 APL-APPSTORE 08801413 APL-APPSTORE 07052476 APL-APPSTORE 07055606 APL-APPSTORE 06710063 APL-APPSTORE 07058383 APL-APPSTORE 08804742 APL-APPSTORE 08807037 APL-APPSTORE 06715011 APL-APPSTORE 07077880 APL-APPSTORE 08945097 APL-APPSTORE 06901672 APL-APPSTORE 09085747 APL-APPSTORE 06901713 APL-APPSTORE 09085333 APL-APPSTORE 06901428 APL-APPSTORE 07077501 APL-APPSTORE 07077839 APL-APPSTORE 06715053 APL-APPSTORE 07054831 APL-APPSTORE 06715225 APL-APPSTORE 09086004 APL-APPSTORE 09467529 APL-APPSTORE 08807005 APL-APPSTORE 07077081 APL-APPSTORE 06993141

2017.11.11 2017.11.25 2017.12.02 2017.12.09 2017.12.30 2018.01.06 2018.01.13 2018.01.20 2018.01.27 2018.02.03 2018.02.10 2018.02.24 2018.03.03 2018.03.10 2018.03.17 2018.03.24 2018.03.31 2018.04.07 2018.04.14 2018.04.21 2018.04.28 2018.05.05 2018.05.12 2018.05.19 2018.05.26 2018.06.02 2018.06.09 2018.06.16 2018.06.23 2018.06.30 2018.07.07 2018.07.14 2018.07.21 2018.07.28 2018.08.04 2018.08.11 2018.08.18 2018.08.25 2018.09.01 2018.09.08 2018.09.15 2018.09.22 2018.09.29 2018.10.06 2018.10.13 2018.10.20

106,850 80,032 111,958 106,621 47,933 86,488 98,243 96,271 98,710 105,271 106,232 76,315 97,558 99,558 102,230 102,454 111,277 95,265 103,286 102,868 111,605 93,372 96,281 99,317 112,548 111,106 103,112 101,922 101,459 98,708 86,258 104,164 100,689 92,782 103,200 102,571 97,294 98,440 95,506 99,074 98,310 102,785 96,194 84,378 90,425 95,194

10,073 8,187 11,001 10,939 4,823 10,026 9,534 9,190 9,157 13,940 10,344 5,895 9,789 9,475 9,853 9,409 10,081 9,853 11,758 11,269 13,875 10,807 11,909 11,322 12,128 13,287 12,530 13,333 12,920 11,158 10,599 12,326 12,159 10,911 11,806 12,649 11,693 11,568 10,537 10,476 10,151 9,393 8,787 6,192 7,270 8,804

7,332 5,590 9,142 9,950 4,322 7,532 8,362 7,580 7,883 8,349 8,591 4,518 7,518 7,711 7,330 7,030 7,517 6,646 7,364 7,604 7,993 6,905 7,343 7,391 8,438 8,561 7,465 7,492 8,001 8,536 7,016 8,413 8,561 7,786 8,025 7,472 7,723 7,415 7,477 8,253 8,294 8,466 7,587 5,826 7,659 7,413

9,062 7,209 10,025 9,666 4,569 8,650 9,079 9,276 9,275 10,895 9,617 6,927 9,324 9,010 9,270 9,547 10,104 9,090 9,984 9,540 11,064 8,427 8,881 8,817 9,707 10,621 9,746 9,923 10,168 9,083 8,482 10,225 10,394 9,896 10,623 11,486 10,925 9,717 9,883 10,512 10,088 9,424 7,635 6,767 6,755 7,792

6,887 5,470 8,936 8,608 3,411 5,801 7,040 6,616 6,873 7,252 7,328 6,006 7,377 7,461 7,405 6,941 8,038 6,709 7,171 6,762 7,378 6,379 6,722 6,880 7,571 7,208 6,500 7,123 7,799 7,125 6,607 7,362 7,654 7,148 7,157 7,073 6,827 7,046 6,915 7,675 7,846 8,827 8,077 7,412 7,548 7,545

4,894 3,874 5,193 5,074 2,179 4,212 4,476 4,833 4,662 4,472 4,770 3,379 4,096 4,193 4,151 4,247 5,146 3,886 4,865 4,459 5,635 4,179 4,227 4,102 4,927 4,495 3,948 4,061 4,353 3,907 3,739 4,446 4,094 3,865 4,217 4,145 3,863 4,000 3,741 4,045 3,987 3,907 4,023 3,348 3,685 3,564

29,252 20,671 27,306 25,528 12,024 21,433 25,526 23,659 25,388 25,550 28,466 17,487 24,084 25,300 26,752 27,240 28,003 23,463 25,417 26,386 26,713 23,394 23,793 25,141 28,705 28,045 26,852 25,373 23,639 24,441 21,069 25,281 23,678 21,641 26,772 24,849 23,556 23,456 24,719 24,504 23,593 25,613 24,758 21,298 23,733 24,895

5,898 5,271 6,870 6,633 3,068 5,822 6,064 6,363 6,111 5,808 6,115 5,089 5,706 5,712 5,758 5,880 6,652 5,699 6,010 5,744 6,704 5,347 5,275 5,314 5,662 5,802 5,184 5,039 5,112 4,816 4,182 5,331 5,192 4,735 5,320 5,400 5,210 5,187 4,786 5,274 5,256 5,276 5,050 4,682 4,502 4,730

33,542 23,760 33,485 30,223 13,537 23,012 28,162 28,754 29,361 29,005 31,001 27,014 29,664 30,696 31,711 32,160 35,736 29,919 30,717 31,104 32,243 27,934 28,131 30,350 35,410 33,087 30,887 29,578 29,467 29,642 24,564 30,780 28,957 26,800 29,280 29,497 27,497 30,051 27,448 28,335 29,095 31,879 30,277 28,853 29,273 30,451

66% 65% 67% 69% 66% 66% 65% 65% 66% 74% 69% 68% 70% 69% 71% 71% 70% 70% 71% 68% 69% 68% 69% 69% 67% 66% 64% 65% 65% 62% 65% 66% 67% 67% 64% 67% 67% 69% 67% 67% 67% 68% 68% 68% 70% 68%

APL-APPSTORE 06715182 APL-APPSTORE 07077678 APL-APPSTORE 09085417 APL-APPSTORE 08806952 APL-APPSTORE 07077755 APL-APPSTORE 06715107 APL-APPSTORE 07077169 APL-APPSTORE 08807643 APL-APPSTORE 07063049 APL-APPSTORE 09085375 APL-APPSTORE 06715149 APL-APPSTORE 07077407 APL-APPSTORE 09478959 APL-APPSTORE 08807080 APL-APPSTORE 07077243 APL-APPSTORE 06715277 APL-APPSTORE 08936176 APL-APPSTORE 07077806 APL-APPSTORE 09473307 APL-APPSTORE 09085236 APL-APPSTORE 09467701 APL-APPSTORE 06901377 APL-APPSTORE 06901463 APL-APPSTORE 06901579 APL-APPSTORE 08946964 APL-APPSTORE 09085969 APL-APPSTORE 08807171 APL-APPSTORE 07077585 APL-APPSTORE 06931687 APL-APPSTORE 06901504 APL-APPSTORE 06901755 APL-APPSTORE 09660324 APL-APPSTORE 09086046 APL-APPSTORE 06901546 APL-APPSTORE 08807713 APL-APPSTORE 08807389 APL-APPSTORE 06949491 APL-APPSTORE 06901622 APL-APPSTORE 09085926 APL-APPSTORE 08807755 APL-APPSTORE 09477235 APL-APPSTORE 06901343 APL-APPSTORE 07077210 APL-APPSTORE 09085297 APL-APPSTORE 06942568 APL-APPSTORE 06073272

2018.10.27 2018.11.03 2018.11.10 2018.11.24 2018.12.01 2018.12.08 2018.12.15 2018.12.29 2019.01.05 2019.01.12 2019.01.19 2019.01.26 2019.02.02 2019.02.09 2019.02.16 2019.02.23 2019.03.02 2019.03.09 2019.03.16 2019.03.23 2019.03.30 2019.04.06 2019.04.13 2019.04.20 2019.04.27 2019.05.04 2019.05.11 2019.05.18 2019.05.25 2019.06.01 2019.06.08 2019.06.22 2019.06.29 2019.07.06 2019.07.13 2019.07.20 2019.07.27 2019.08.03 2019.08.10 2019.08.17 2019.08.24 2019.08.31 2019.09.07 2019.09.14 2019.09.21 2019.09.28

98,142 98,344 102,401 77,419 108,696 109,536 109,934 30,634 78,844 103,987 99,369 97,687 104,349 74,069 90,202 95,545 101,154 94,446 99,655 97,201 104,709 100,231 97,531 97,581 102,679 94,081 99,254 102,622 107,071 105,870 94,832 102,341 94,510 93,240 101,493 105,658 92,724 100,482 107,190 100,488 97,878 100,198 108,954 103,296 109,213 117,763

9,128 10,245 10,378 7,690 10,782 12,278 14,435 3,596 9,725 13,294 13,263 12,661 11,272 6,734 8,493 10,245 11,485 11,450 12,199 12,226 13,121 12,200 12,312 11,755 14,702 10,970 12,620 12,281 12,469 12,822 12,051 13,589 11,903 11,884 12,600 13,245 11,394 12,165 13,655 14,022 12,811 13,205 13,311 10,702 10,628 10,557

7,220 7,610 7,630 6,130 7,936 7,928 8,199 2,253 6,373 8,030 7,829 7,461 8,070 4,890 6,745 7,597 7,769 7,497 8,054 8,001 8,398 8,234 9,877 11,036 10,132 8,046 9,011 9,485 9,713 8,901 8,164 8,437 7,929 7,665 8,525 9,149 7,808 8,524 9,138 8,649 8,184 8,593 9,433 9,079 9,591 10,391

8,786 8,106 9,203 7,445 11,310 11,906 11,952 3,562 8,751 10,248 9,907 8,950 9,963 7,029 7,809 8,272 8,665 8,450 8,707 8,562 9,397 8,576 8,442 8,311 10,086 8,360 9,029 9,232 8,929 9,029 7,951 9,360 7,486 7,779 7,999 8,103 6,989 7,768 8,148 7,744 7,163 7,107 7,715 7,617 7,880 8,035

8,054 7,911 8,158 6,599 8,929 8,899 9,049 2,458 6,391 9,006 8,451 8,462 9,002 7,272 8,814 8,162 8,828 7,785 8,049 8,224 8,851 8,585 8,940 10,180 9,077 8,278 8,437 9,081 8,839 8,808 7,423 7,669 7,069 6,968 7,570 8,000 6,907 7,518 8,111 7,123 6,864 7,247 8,239 8,418 8,863 9,674

3,729 3,946 4,189 2,723 3,992 4,387 4,414 1,197 3,564 4,775 4,156 3,856 4,285 3,080 3,773 3,902 3,927 3,834 4,107 3,815 4,423 4,223 4,332 4,224 4,376 4,005 4,713 4,446 4,870 4,733 4,338 4,880 4,712 4,894 5,241 5,383 5,211 5,419 6,231 5,682 5,750 5,818 6,201 5,086 5,284 5,632

26,246 26,437 26,225 19,588 27,831 27,623 24,851 7,771 19,559 24,710 23,862 23,888 26,060 15,272 20,587 24,035 25,829 23,238 24,843 23,664 25,265 23,843 22,178 22,227 23,542 22,343 23,751 24,757 27,718 26,204 23,571 25,102 24,274 23,658 25,760 27,618 23,358 25,528 26,361 24,601 24,822 25,299 28,796 26,804 28,238 31,471

5,014 4,415 4,788 3,503 5,006 5,010 4,970 1,393 3,978 4,847 4,399 4,290 5,008 4,370 4,476 4,578 4,600 4,460 4,474 4,307 4,823 4,681 4,662 4,251 4,201 4,662 4,740 4,707 4,869 4,907 4,212 4,610 4,226 4,318 4,618 4,752 4,389 4,872 5,180 4,867 4,760 4,880 5,155 4,636 5,050 5,176

29,965 29,674 31,830 23,741 32,910 31,505 32,064 8,404 20,503 29,077 27,502 28,119 30,689 25,422 29,505 28,754 30,051 27,732 29,222 28,402 30,431 29,889 26,788 25,597 26,563 27,417 26,953 28,633 29,664 30,466 27,122 29,180 26,911 26,074 29,180 29,408 26,668 28,688 30,366 27,800 27,524 28,049 30,104 30,954 33,679 36,827

68% 66% 65% 68% 67% 67% 68% 70% 68% 68% 68% 68% 67% 66% 68% 66% 67% 67% 67% 68% 68% 69% 73% 72% 72% 70% 69% 69% 68% 69% 70% 70% 72% 71% 72% 73% 74% 73% 72% 74% 73% 74% 73% 71% 72% 71%

APL-APPSTORE 09081999 APL-APPSTORE 08805477 APL-APPSTORE 08805630 APL-APPSTORE 09081651 APL-APPSTORE 09081899 APL-APPSTORE 09081694 APL-APPSTORE 08805536 APL-APPSTORE 09873616 APL-APPSTORE 08943994 APL-APPSTORE 08944583 APL-APPSTORE 06731250 APL-APPSTORE 06729455 APL-APPSTORE 08945233 TOTAL
2017 Total 2018 Total 2019 Total

2019.10.05 2019.10.12 2019.10.19 2019.10.26 2019.11.02 2019.11.09 2019.11.16 2019.11.30 2019.12.07 2020.01.04 2020.01.11 2020.01.18 2020.01.25

106,508 115,822 120,986 120,301 116,596 116,356 112,501 99,275 121,943 91,086 112,422 114,374 98,177 15,195,153
5,176,583 4,793,826 4,808,685

8,901 12,619 13,280 13,000 12,102 11,726 11,296 9,605 11,975 11,935 14,196 12,810 9,266 1,580,970
455,543 516,695 560,525

8,476 9,762 10,229 10,165 9,870 9,734 9,537 8,151 9,721 7,783 9,562 9,481 7,408 1 ,179,08 0
370,841 367,952 406,053

7,268 8,081 7,905 7,826 7,855 7,531 6,988 6,806 8,316 6,426 7,876 7,772 6,994 1, 395 , 48 9
519,398 458,899 388,124

9,243 9,237 9,129 9,191 9,105 9,407 8,854 7,815 9,410 6,319 8,469 8,744 8,201 1,127 , 4 32
348,882 354,241 392,576

5,003 5,835 6,057 5,971 5,435 5,716 5,461 4,791 5,506 5,247 5,819 5,504 4,237 7 13,37 5
264,685 200,927 226,956

26,528 29,351 31,603 31,194 30,728 30,618 29,210 26,941 33,771 25,248 28,868 30,435 24,973 3,89 8 , 979
1,386,638 1,200,237 1,202,580

5,122 4,809 5,141 5,099 4,738 4,714 4,612 4,300 5,051 3,545 4,623 4,776 4,260 9 20,80 0
427,019 257,000 219,577

35,967 36,128 37,642 37,855 36,763 36,910 36,543 30,866 38,193 24,583 33,009 34,852 32,838 4,37 9 , 694
1,403,757 1,437,875 1,412,780

72% 73% 72% 72% 71% 70% 71% 68% 69% 70% 70% 69% 68%

